$ANSIBLE_VAULT;1.1;AES256
63353036663465343735393032373138326266353738616437303764333031303364656164386338
3831626563663131623661316462626165333866323832640a656132636233646436643136333765
30313538343865323966333565656235393266653139363363643139643930383036613133663838
3064383331353861630a363462393634343636363132616335663531646535663666653164306461
32333963643166333335633364646234623932646365343761663732663666393564656231643633
66643737323434633065303635633264393739323764333534663764633435386632393036396164
66396334333261663234393362346562333033343939623964383961326434333463303338343261
35393131346531376231613766613937333139396466376339333565303063346630346165306637
62663732366633616162306338623734366266313133333431343338303633366366353936613635
39643138383863396334353761356133336436346331356234353630633438343933313638653535
37363865346463323831643535343635363764393262663364373466343532366265646236613636
39356238313664663838613233386132613764303830323136353166666166316562643466343939
30313231373665393136666238356231323432646438346461363136623136653535656430366430
35383331373733386431373961653562343434346138333965313236396364363964633364303464
33356537636366386338643965316366313736623833366164393239353538376134663536313166
37653632303937366463346663333932623661353038343831653834306433366132306262326237
30363961663231343737346132336330303439346663373966336466643737323434323862386465
36373866616562393637366662613835373736383362303536343133333966633736373766386539
32333264376335346633613462656536636437613035343562653031353436356433376232363539
64653839613533333933663265333435643366636232626234646433633063633361633662666265
32366436636632333937623938646536343239613234313163626232396266396234366632363534
30666362363866626366643165393138373762363639376531663166326464303633393937613137
65653261333865306466636463656331326166333935383463616633356261643166646131383862
61313636643538626433383061376234366366393762653937393364323236383530646431353833
36633934323964613165316330323835613166663330393864626536316161623135626230363131
34633965636430633465393663306130306137633838316234616636356363333833396635656532
36366530623738376663653536343661306364643263353634366233653936323466616234353730
32383865316134343431356364363537313564323334343164646163346637303034333033653862
34303461623930316236613031653836663431353363386434666261396233393164356238373836
61333161343161653463653562333963613831353339343738636631636363356532336631353866
64633132646666306462343262353465336561323734613562666339383338633037303966613236
30663233336663633337663762366235636330383435666465623761643736613630616431333135
66343465313430303864346230306130323262393366643333376566656638323637